Starting call_7

iteration: 0 
best_cost: 1601158.0 
incumbent_cost: 1601158.0 
best_sol: [4, 4, 0, 2, 2, 0, 1, 5, 5, 3, 3, 1, 0, 6, 6, 7, 7] 
op_stats: {'P1': {'score': 0, 'counter': 0, 'probability': 0.25}, 'P2': {'score': 4, 'counter': 1, 'probability': 0.25}, 'P3': {'score': 0, 'counter': 0, 'probability': 0.25}, 'P4': {'score': 0, 'counter': 0, 'probability': 0.25}}

iteration: 1000 
best_cost: 1134176.0 
incumbent_cost: 1248863.0 
best_sol: [4, 4, 7, 7, 0, 2, 2, 0, 1, 5, 5, 3, 3, 1, 0, 6, 6] 
op_stats: {'P1': {'score': 0, 'counter': 0, 'probability': 0.21183206106870228}, 'P2': {'score': 0, 'counter': 0, 'probability': 0.048255179934569244}, 'P3': {'score': 0, 'counter': 0, 'probability': 0.6916575790621592}, 'P4': {'score': 0, 'counter': 0, 'probability': 0.048255179934569244}}
